a 1 1.509297 0.110295
across 4 11.245 0.431
again 4 274.667 0.388
against 4 274.667 0.673
all 4 275.34 0.411
allow 4 59.711 0.650
already 4 74.039 0.434
and 4 88.871 0.223
answer 4 71.691 0.658
any 4 65.672 0.207
ay 3 33.565 0.286
bag 2 40.841 0.374
be 4 92.22 0.419
beautiful 3 36.758 0.593
began 3 56.985 0.249
best 3 54.444 0.419
bright 2 22.881 0.344
brought 4 54.942 0.469
but 4 44.02 0.538
change 3 117.658 0.49
cheat 3 46.039 0.303
childhood 2 104.388 0.539
chose 4 58.537 0.515
city 2 61.838 0.308
color 4 104.845 0.334
continue 4 61.477 0.546
core 4 80.227 0.484
could 4 91.75 0.481
course 4 70.683 0.465
cross 4 11.337 0.338
dark 2 25.892 0.397
day 3 112.758 0.369
deliver 4 100.587 0.35
democracy 4 19.042 0.608
describe 2 77.691 0.44
described 2 77.691 0.503
doing 2 92.447 0.308
easily 2 50.473 0.523
easy 2 20.871 0.364
embedded 4 74.420 0.823
embrace 2 36.296 0.546
embraced 2 36.296 0.662
enough 4 100.19 0.336
equal 4 82.614 0.411
eventually 4 42.519 0.392
every 4 104.558 0.29
everything 2 63.471 0.576
explain 2 57.194 0.45
face 2 27.138 0.45
fact 3 39.619 0.286
fairytale 2 106.134 0.592
fairytales 2 106.134 0.712
familiar 3 96.139 0.676
farmers 4 20.859 0.615
father 1 2.577415 0.557279
fierce 2 51.006 0.414
fiercely 2 51.006 0.569
final 4 65.930 0.354
finally 4 29.411 0.415
finish 4 45.609 0.381
finished 4 45.609 0.619
first 2 116.538 0.294
fix 2 24.127 0.255
fixed 2 24.127 0.301
flat 2 90.158 0.453
for 4 242.985 0.307
forget 2 110.268 0.347
forgets 2 110.268 0.42
form 4 2.732 0.685
four 4 242.985 0.307
from 4 101.597 0.215
full 4 105.832 0.344
future 4 67.8 0.346
gather 4 13.670 0.461
gentler 1 1.602177 0.406349
go 4 8.289 0.438
gone 2 53.626 0.351
ground 2 35.69 0.351
group 4 13.123 0.277
had 4 78.954 0.431
hall 4 10.006 0.338
hand 2 8.227 0.42
hands 3 27.822 0.427
has 4 253.715 0.304
hasn't 4 253.699 0.438
home 2 116.041 0.294
hour 4 75.921 0.192
I 2 48.048 0.185
ideal 4 81.628 0.561
imagine 2 112.917 0.41
its 4 87.109 0.23
justice 4 89.041 0.765
keep 3 28.889 0.207
kiss 3 128.579 0.232
knock 3 19.957 0.419
later 2 52.341 0.523
laugh 2 38.002 0.39
laughed 2 38.002 0.447
laughing 3 29.233 0.431
law 4 84.234 0.311
least 4 63.04 0.273
leave 4 65.303 0.361
leaves 3 42.617 0.411
leaving 2 115.766 0.278
life 2 16.091 0.4
like 2 113.944 0.281
live 4 244.397 0.407
living 2 83.799 0.347
long 4 243.547 0.427
love 2 48.188 0.225
loved 2 48.188 0.301
made 4 29.749 0.338
maid 4 29.749 0.338
me 4 254.296 0.419
men 4 103.615 0.246
mind 2 44.812 0.483
mine 2 44.812 0.394
moment 2 46.704 0.52
more 4 3.748 0.361
most 4 254.839 0.419
mostly 3 66.818 0.539
mother 1 0.667574 0.284444
move 2 20.317 0.284
moving 2 20.317 0.46
much 2 96.22 0.417
my 1 0.545669 0.110295
myself 2 57.79 0.543
natural 2 49.35 0.447
naturally 2 49.35 0.616
need 4 112.067 0.298
needed 4 112.067 0.625
never 4 245.159 0.346
NewYork 2 66.439 0.619
not 4 99.757 0.338
ocean 4 25.862 0.377
occasion 3 67.611 0.465
of 4 82.175 0.346
off 3 21.614 0.323
on 4 98.449 0.24
one 4 269.752 0.342
order 4 2.132 0.400
other 2 39.151 0.423
our 4 75.921 0.192
own 2 24.763 0.308
paint 3 38.73 0.456
pass 2 2.875 0.43
passed 2 2.875 0.43
past 2 2.875 0.43
people 4 0.708 0.369
perfect 4 4.094 0.446
persecution 4 27.825 0.754
portrait 1 2.037551 0.325079
prefer 1 0.917188 0.354104
preferred 1 0.922993 0.621134
president 4 156.591 0.862
produced 4 40.995 0.7
profit 3 16.46 0.39
promise 4 86.520 0.515
promised 4 86.520 0.608
prophet 3 16.46 0.39
provide 4 103.196 0.444
push 3 30.973 0.365
question 4 52.387 0.692
real 4 30.065 0.608
resolution 4 66.234 0.946
Richa 2 38.9 0.331
road 3 65.539 0.382
rose 2 28.761 0.467
same 3 57.716 0.334
scattered 4 241.038 0.519
scholars 4 21.490 0.8
scratch 2 101.857 0.453
sea 2 102.894 0.311
see 2 102.894 0.311
she 1 3.632472 0.152381
should 4 92.862 0.465
smile 2 29.84 0.43
smiled 2 29.84 0.52
somehow 2 47.465 0.543
sometimes 2 112.069 0.44
spring 4 37.239 0.454
stand 4 10.760 0.446
stands 4 10.799 0.484
still 2 94.355 0.483
story 4 249.497 0.504
street 4 11.799 0.369
talk 3 57.33 0.228
tell 1 3.912562 0.179955
that 4 91.404 0.323
the 3 128.99 0.116
they 4 40.764 0.323
this 4 134.47 0.338
three 4 242.015 0.238
threw 3 115.212 0.452
through 3 115.212 0.452
time 4 94.952 0.338
together 4 166.09 0.769
ultimately 4 44.482 0.969
under 4 83.857 0.338
unfinished 4 45.367 0.846
unfortunately 3 17.473 0.743
union 4 4.464 0.469
until 4 57.505 0.438
very 4 79.796 0.45
walk 1 14.433746 0.327605
walked 1 14.491137 0.351518
was 4 42.265 0.284
we 4 0.369 0.223
white 3 63.716 0.29
why 3 63.716 0.22
within 4 75.648 0.288
women 4 103.941 0.475
words 4 97.067 0.819
work 2 67.614 0.251
years 4 7.935 0.330
yet 4 96.821 0.282